1582320100057 356.6805419921875 0
1582320100116 285.1616516113281 0
1582320100174 84.11912536621094 0
1582320100232 307.6864929199219 0
1582320100285 221.1594696044922 0
1582320100344 385.8763732910156 0
1582320100408 71.9498291015625 0
1582320100467 176.39805603027344 0
1582320100523 604.9234008789062 0
1582320100579 288.8557434082031 0
1582320100640 166.71475219726562 0
1582320100699 276.6763610839844 0
1582320100760 470.17486572265625 0
1582320100815 382.1349182128906 0
1582320100867 97.71953582763672 0
1582320100928 150.2410125732422 0
1582320100982 239.61428833007812 0
1582320101034 748.75439453125 0
1582320101092 509.6931457519531 0
1582320101149 505.8026123046875 0
1582320101203 56.06460952758789 0
1582320101254 11.193071365356445 0
1582320101308 631.4752197265625 0
1582320101373 237.74082946777344 0
1582320101432 364.58935546875 0
1582320101499 428.0638732910156 0
1582320101556 136.03121948242188 0
1582320101605 104.36988067626953 0
1582320101658 192.73406982421875 0
1582320101710 67.53707122802734 0
1582320101760 44.803199768066406 0
1582320101821 866.836181640625 0
1582320101886 234.74537658691406 0
1582320101939 210.31312561035156 0
1582320102011 357.3163146972656 0
1582320102064 345.75030517578125 0
1582320102123 124.0605697631836 0
1582320102184 239.99876403808594 0
1582320102233 136.43649291992188 0
1582320102289 8.287224769592285 0
1582320102346 251.4635467529297 0
1582320102410 425.3914794921875 0
1582320102470 75.3370590209961 0
1582320102527 561.2282104492188 0
1582320102586 42.314720153808594 0
1582320102641 64.22657012939453 0
1582320102700 82.81024169921875 0
1582320102759 389.37445068359375 0
1582320102812 197.08224487304688 0
1582320102871 36.289947509765625 0
1582320102931 577.2583618164062 0
1582320102988 274.9019470214844 0
1582320103052 73.08340454101562 0
1582320103113 97.50577545166016 0
1582320103159 151.62623596191406 0
1582320103233 76.79974365234375 0
1582320103286 18.706064224243164 0
1582320103337 111.01151275634766 0
1582320103389 235.20599365234375 0
1582320103444 487.92889404296875 0
1582320103497 48.480140686035156 0
1582320103550 333.0324401855469 0
1582320103603 412.1225891113281 0
1582320103662 166.7180633544922 0
1582320103711 160.75218200683594 0
1582320103768 67.49165344238281 0
1582320103829 117.29574584960938 0
1582320103888 31.02385902404785 0
1582320103952 346.6307067871094 0
1582320104003 173.4357452392578 0
1582320104065 280.866455078125 0
1582320104123 30.083393096923828 0
1582320104185 60.8364372253418 0
1582320104243 16.847122192382812 0
1582320104305 503.2068786621094 0
1582320104365 140.17236328125 0
1582320104420 34.46686935424805 0
1582320104475 128.7671661376953 0
1582320104532 273.8088073730469 0
1582320104584 259.2385559082031 0
1582320104637 115.5988540649414 0
1582320104695 6.755751609802246 0
1582320104761 394.3069152832031 0
1582320104825 12.351523399353027 0
1582320104887 41.33755874633789 0
1582320104939 99.58332061767578 0
1582320104996 553.5658569335938 0
1582320105048 281.4405517578125 0
1582320105098 423.9161376953125 0
1582320105153 16.08842658996582 0
1582320105199 363.30963134765625 0
1582320105264 59.116783142089844 0
1582320105308 68.40813446044922 0
1582320105361 98.4556655883789 0
1582320105407 139.08807373046875 0
1582320105473 84.24881744384766 0
1582320105527 619.791015625 0
1582320105584 15.627882957458496 0
1582320105644 168.64410400390625 0
1582320105702 79.93798065185547 0
1582320105757 124.29230499267578 0
1582320105818 33.25303649902344 0
1582320105868 220.9335479736328 0
1582320105926 301.4861145019531 0
1582320105974 206.1575469970703 0
1582320106026 116.75455474853516 0
1582320106079 470.9163818359375 0
1582320106129 276.1932067871094 0
1582320106192 148.2536163330078 0
1582320106252 80.41452026367188 0
1582320106313 219.7583770751953 0
1582320106374 463.22027587890625 0
1582320106431 75.01475524902344 0
1582320106496 537.76904296875 0
1582320106554 482.2853088378906 0
1582320106611 256.1455078125 0
1582320106675 77.9766845703125 0
1582320106733 160.2163543701172 0
1582320106788 393.477294921875 0
1582320106854 531.1961059570312 0
1582320106912 442.60638427734375 0
1582320106969 55.694522857666016 0
1582320107025 711.575927734375 0
1582320107079 33.968692779541016 0
1582320107121 171.1542205810547 0
1582320107164 194.0096435546875 0
1582320107215 171.59158325195312 0
1582320107259 127.15052032470703 0
1582320107304 1.9661070108413696 0
1582320107347 208.34259033203125 0
1582320107390 279.44244384765625 0
1582320107433 192.1641845703125 0
1582320107476 498.80035400390625 0
1582320107524 542.4786376953125 0
1582320107569 266.26416015625 0
1582320107627 36.1152458190918 0
1582320107677 35.23030471801758 0
1582320107733 681.660888671875 0
1582320107787 112.80442810058594 0
1582320107848 175.0462646484375 0
1582320107906 77.04772186279297 0
1582320107957 170.94586181640625 0
1582320108015 186.11172485351562 0
1582320108067 72.49568939208984 0
1582320108128 81.54045104980469 0
1582320108190 234.28662109375 0
1582320108257 262.51654052734375 0
1582320108315 545.2770385742188 0
1582320108371 49.35258102416992 0
1582320108427 529.8861083984375 0
1582320108488 24.415870666503906 0
1582320108549 98.88392639160156 0
1582320108606 56.7304573059082 0
1582320108667 185.27731323242188 0
1582320108714 71.65421295166016 0
1582320108771 493.49407958984375 0
1582320108826 154.3734588623047 0
1582320108885 172.78871154785156 0
1582320108946 244.5570831298828 0
1582320109001 214.8430938720703 0
1582320109051 602.4906616210938 0
1582320109106 112.81690979003906 0
1582320109166 25.103466033935547 0
1582320109221 185.49085998535156 0
1582320109278 112.79580688476562 0
1582320109326 223.78738403320312 0
1582320109371 506.543701171875 0
1582320109420 213.45831298828125 0
1582320109479 170.01461791992188 0
1582320109538 112.90682983398438 0
1582320109599 144.65415954589844 0
1582320109668 160.9611053466797 0
1582320109730 523.4129638671875 0
1582320109783 53.32198715209961 0
1582320109849 86.81599426269531 0
1582320109899 467.749267578125 0
1582320109949 153.88331604003906 0
1582320110007 435.7596740722656 0
1582320110061 117.01699829101562 0
1582320110116 154.25735473632812 0
1582320110168 332.1802062988281 0
1582320110220 305.0063781738281 0
1582320110268 207.75924682617188 0
1582320110323 26.2403564453125 0
1582320110382 55.24372863769531 0
1582320110432 271.46282958984375 0
1582320110484 579.9605102539062 0
1582320110536 17.57322120666504 0
1582320110594 63.6768684387207 0
1582320110652 65.22566986083984 0
1582320110706 508.2328796386719 0
1582320110762 44.709434509277344 0
1582320110826 51.384212493896484 0
1582320110881 233.1143341064453 0
1582320110949 37.97604751586914 0
1582320111010 361.4911193847656 0
1582320111068 9.972831726074219 0
1582320111117 574.6427612304688 0
1582320111169 224.1544189453125 0
1582320111221 185.41949462890625 0
1582320111281 368.011474609375 0
1582320111343 121.56343078613281 0
1582320111400 47.84047317504883 0
1582320111451 753.6265258789062 0
1582320111501 10.705427169799805 0
1582320111555 149.5818328857422 0
1582320111600 211.6697540283203 0
1582320111646 312.376953125 0
1582320111700 475.4327087402344 0
1582320111759 396.11480712890625 0
1582320111814 100.25183868408203 0
1582320111868 47.535003662109375 0
1582320111923 99.56693267822266 0
1582320111979 337.5804443359375 0
1582320112028 635.3460693359375 0
1582320112091 577.6168212890625 0
1582320112147 102.85504150390625 0
1582320112202 172.98196411132812 0
1582320112257 73.55475616455078 0
1582320112314 176.92857360839844 0
1582320112368 472.0496520996094 0
1582320112423 469.2168884277344 0
1582320112472 477.89739990234375 0
1582320112518 647.0861206054688 0
1582320112561 274.3868713378906 0
1582320112603 72.17961120605469 0
1582320112645 168.63015747070312 0
1582320112688 203.49441528320312 0
1582320112733 24.428245544433594 0
1582320112783 211.60076904296875 0
1582320112839 35.28403854370117 0
1582320112894 374.68829345703125 0
1582320112954 120.4125747680664 0
1582320113011 520.4965209960938 0
1582320113071 33.564727783203125 0
1582320113129 430.68695068359375 0
1582320113187 18.680002212524414 0
1582320113244 220.7322540283203 0
1582320113298 58.2861442565918 0
1582320113355 535.52587890625 0
1582320113411 77.050537109375 0
1582320113474 95.2499771118164 0
1582320113533 703.926513671875 0
1582320113592 594.6309814453125 0
1582320113651 148.4278564453125 0
1582320113711 198.8231201171875 0
1582320113769 113.95992279052734 0
1582320113826 44.21409225463867 0
1582320113880 412.4166259765625 0
1582320113936 477.6487121582031 0
1582320113989 250.9595489501953 0
1582320114049 76.1280746459961 0
1582320114108 131.2720489501953 0
1582320114167 297.2137145996094 0
1582320114220 214.8211669921875 0
1582320114274 375.6009216308594 0
1582320114332 128.67227172851562 0
1582320114384 606.24462890625 0
1582320114439 73.48561096191406 0
1582320114494 66.14866638183594 0
1582320114548 18.708721160888672 0
1582320114611 70.6978530883789 0
1582320114675 219.8150634765625 0
1582320114728 470.6412658691406 0
1582320114776 11.446102142333984 0
1582320114828 75.60711669921875 0
1582320114884 214.96798706054688 0
1582320114947 723.2271118164062 0
1582320114992 218.1763458251953 0
1582320115055 367.88275146484375 0
1582320115115 421.9765625 0
1582320115173 238.9145965576172 0
1582320115235 55.40172576904297 0
1582320115297 30.690717697143555 0
1582320115357 144.18533325195312 0
1582320115410 568.1679077148438 0
1582320115461 144.0020294189453 0
1582320115525 119.84728240966797 0
1582320115574 144.048828125 0
1582320115622 551.6841430664062 0
1582320115681 15.325782775878906 0
1582320115740 348.0822448730469 0
1582320115799 343.37493896484375 0
1582320115857 78.42608642578125 0
1582320115920 137.614501953125 0
1582320115970 149.64283752441406 0
1582320116026 488.1448669433594 0
1582320116077 251.50453186035156 0
1582320116126 55.54623031616211 0
1582320116184 306.81597900390625 0
1582320116236 100.55130767822266 0
1582320116281 500.9801330566406 0
1582320116329 67.36932373046875 0
1582320116374 381.74456787109375 0
1582320116416 86.51646423339844 0
1582320116459 181.8040771484375 0
1582320116501 10.41335678100586 0
1582320116544 463.2806091308594 0
1582320116591 161.1495819091797 0
1582320116647 194.27386474609375 0
1582320116702 247.1771240234375 0
1582320116757 524.0191650390625 0
1582320116815 112.7666015625 0
1582320116872 11.830705642700195 0
1582320116929 286.80230712890625 0
1582320116989 49.383079528808594 0
1582320117047 120.51100158691406 0
1582320117098 43.44916534423828 0
1582320117150 48.8385009765625 0
1582320117202 474.0970458984375 0
1582320117254 291.42266845703125 0
1582320117312 228.10226440429688 0
1582320117369 248.2183074951172 0
1582320117424 27.22721290588379 0
1582320117470 247.47972106933594 0
1582320117513 75.57572937011719 0
1582320117558 211.5760498046875 0
1582320117601 70.06417083740234 0
1582320117646 63.04964065551758 0
1582320117689 284.4413757324219 0
1582320117744 109.1835708618164 0
1582320117805 156.3902130126953 0
1582320117865 61.965057373046875 0
1582320117919 111.90765380859375 0
1582320117979 194.0978546142578 0
1582320118031 211.9126739501953 0
1582320118092 102.50862884521484 0
1582320118141 281.36578369140625 0
1582320118192 38.67206573486328 0
1582320118243 87.0774917602539 0
1582320118294 108.63787078857422 0
1582320118340 543.6837158203125 0
1582320118385 30.064292907714844 0
1582320118431 135.5897216796875 0
1582320118481 286.4596252441406 0
1582320118542 153.26026916503906 0
1582320118598 127.1506118774414 0
1582320118654 674.5128784179688 0
1582320118699 205.53099060058594 0
1582320118746 481.1101989746094 0
1582320118800 167.3541717529297 0
1582320118855 518.1500244140625 0
1582320118898 112.4574966430664 0
1582320118951 302.1335144042969 0
1582320119005 175.3855743408203 0
1582320119060 499.02777099609375 0
1582320119122 173.6485137939453 0
1582320119186 352.37738037109375 0
1582320119242 68.85772705078125 0
1582320119294 414.9579162597656 0
1582320119342 169.32211303710938 0
1582320119390 474.0026550292969 0
1582320119438 151.3185272216797 0
1582320119494 643.3785400390625 0
1582320119551 87.6236572265625 0
1582320119611 11.902541160583496 0
1582320119669 380.0393981933594 0
1582320119725 209.76217651367188 0
1582320119781 78.81548309326172 0
1582320119832 208.79324340820312 0
1582320119879 288.0238342285156 0
1582320119932 394.604736328125 0
1582320119981 194.94020080566406 0
1582320120029 251.72442626953125 0
1582320120076 495.1512145996094 0
1582320120131 51.541839599609375 0
1582320120186 193.08949279785156 0
1582320120242 119.6183853149414 0
1582320120296 197.73416137695312 0
1582320120360 612.1635131835938 0
1582320120417 22.561424255371094 0
1582320120476 102.57535552978516 0
1582320120533 73.58490753173828 0
1582320120593 517.1728515625 0
1582320120645 526.107177734375 0
1582320120696 85.90634155273438 0
1582320120750 91.3173828125 0
1582320120793 346.9823913574219 0
1582320120841 76.97865295410156 0
1582320120888 34.663211822509766 0
1582320120934 58.99353790283203 0
1582320120989 230.04373168945312 0
1582320121047 92.86016082763672 0
1582320121096 522.4298095703125 0
1582320121155 64.43829345703125 0
1582320121211 176.0113525390625 0
1582320121267 95.49010467529297 0
1582320121324 15.507423400878906 0
1582320121383 526.1995849609375 0
1582320121435 374.822265625 0
1582320121487 23.37903594970703 0
1582320121540 55.05797576904297 0
1582320121599 26.647499084472656 0
1582320121656 218.52420043945312 0
1582320121714 103.64659881591797 0
1582320121774 616.5836791992188 0
1582320121832 46.25086212158203 0
1582320121898 26.600574493408203 0
1582320121956 574.139892578125 0
1582320122016 176.04519653320312 0
1582320122074 123.37975311279297 0
1582320122135 482.9624328613281 0
1582320122192 25.69622230529785 0
1582320122245 180.3291473388672 0
1582320122306 119.89733123779297 0
1582320122360 28.655046463012695 0
1582320122414 447.64141845703125 0
1582320122471 100.96637725830078 0
1582320122531 273.0523681640625 0
1582320122577 76.03639221191406 0
1582320122625 501.4557800292969 0
1582320122672 212.9276885986328 0
1582320122730 87.09790802001953 0
1582320122789 199.18389892578125 0
1582320122846 330.9577941894531 0
1582320122893 55.842586517333984 0
1582320122944 332.609375 0
1582320122998 214.27960205078125 0
1582320123054 49.164852142333984 0
1582320123113 790.9330444335938 0
1582320123174 199.2617645263672 0
1582320123233 270.06329345703125 0
1582320123288 484.5908203125 0
1582320123350 475.99859619140625 0
1582320123408 49.730690002441406 0
1582320123460 392.54473876953125 0
1582320123514 357.67718505859375 0
1582320123574 63.50870895385742 0
1582320123634 399.4931640625 0
1582320123686 94.5215072631836 0
1582320123740 106.99012756347656 0
1582320123794 321.3546447753906 0
1582320123856 220.0157012939453 0
1582320123910 452.645263671875 0
1582320123963 531.562744140625 0
1582320124021 58.48645782470703 0
1582320124076 78.94023895263672 0
1582320124135 489.3726806640625 0
1582320124189 297.7716369628906 0
1582320124249 71.6265869140625 0
1582320124298 775.9057006835938 0
1582320124346 14.701054573059082 0
1582320124394 322.6067810058594 0
1582320124442 64.5557632446289 0
1582320124491 234.2432098388672 0
1582320124541 164.8902130126953 0
1582320124593 213.43345642089844 0
1582320124640 40.149497985839844 0
1582320124693 13.950106620788574 0
1582320124744 340.7537841796875 0
1582320124792 569.6262817382812 0
1582320124846 461.733154296875 0
1582320124907 113.91151428222656 0
1582320124954 104.29874420166016 0
1582320125006 461.0367736816406 0
1582320125058 53.760276794433594 0
1582320125117 247.0121612548828 0
1582320125171 209.07798767089844 0
1582320125224 343.70318603515625 0
1582320125278 54.93824005126953 0
1582320125339 847.024658203125 0
1582320125398 72.31916046142578 0
1582320125449 751.7855224609375 0
1582320125504 184.57540893554688 0
1582320125566 285.1372985839844 0
1582320125626 159.7604217529297 0
1582320125679 73.52822875976562 0
1582320125744 391.5270080566406 0
1582320125801 179.96060180664062 0
1582320125862 400.5262756347656 0
1582320125922 851.4234619140625 0
1582320125981 415.7294006347656 0
1582320126036 318.3551025390625 0
1582320126094 7.354621410369873 0
1582320126149 411.4093322753906 0
1582320126201 617.6234741210938 0
1582320126249 559.8518676757812 0
1582320126307 467.2504577636719 0
1582320126359 265.52972412109375 0
1582320126419 382.11761474609375 0
1582320126468 507.3655700683594 0
1582320126519 292.96466064453125 0
1582320126566 115.79862976074219 0
1582320126618 62.76285934448242 0
1582320126666 16.737871170043945 0
1582320126717 606.19189453125 0
1582320126764 403.543701171875 0
1582320126814 14.790719032287598 0
1582320126869 368.89117431640625 0
1582320126929 514.5764770507812 0
1582320126983 244.58840942382812 0
1582320127041 92.94319915771484 0
1582320127097 238.45033264160156 0
1582320127158 166.46897888183594 0
1582320127217 512.0870361328125 0
1582320127277 53.40133285522461 0
1582320127342 635.731201171875 0
1582320127396 407.6430358886719 0
1582320127448 576.4850463867188 0
1582320127510 40.666805267333984 0
1582320127571 176.84603881835938 0
1582320127629 52.34293746948242 0
1582320127687 671.8211669921875 0
1582320127742 434.2585144042969 0
1582320127796 115.23451232910156 0
1582320127846 496.3151550292969 0
1582320127906 33.84151840209961 0
1582320127968 128.25360107421875 0
1582320128025 363.5901794433594 0
1582320128083 236.24488830566406 0
1582320128144 202.45632934570312 0
1582320128203 488.72857666015625 0
1582320128311 38.309593200683594 0
1582320128371 230.69589233398438 0
1582320128431 440.980224609375 0
1582320128486 79.52310943603516 0
1582320128538 313.9141540527344 0
1582320128588 382.1903381347656 0
1582320128637 778.0530395507812 0
1582320128689 768.2809448242188 0
1582320128761 141.13442993164062 0
1582320128823 971.0113525390625 0
1582320128880 437.8166809082031 0
1582320128946 60.61096954345703 0
1582320129000 203.67559814453125 0
1582320129054 269.8644104003906 0
1582320129110 42.450321197509766 0
1582320129166 190.2124786376953 0
1582320129234 21.455442428588867 0
1582320129299 524.2957763671875 0
1582320129360 2238.292236328125 0
1582320129428 1452.027587890625 0
1582320129495 303.2848205566406 0
1582320129549 83.90794372558594 0
1582320129610 183.20570373535156 0
1582320129672 119.61502838134766 0
1582320129736 697.5550537109375 0
1582320129806 28.781301498413086 0
1582320129862 106.49385070800781 0
1582320129922 87.47512817382812 0
1582320129991 684.6505737304688 0
1582320130046 481.6904296875 0
1582320130098 190.7736358642578 0
1582320130153 479.9852600097656 0
1582320130225 905.8092651367188 0
1582320130283 204.9608917236328 0
1582320130337 67.38218688964844 0
1582320130386 21.443775177001953 0
1582320130455 469.8821716308594 0
1582320130518 141.7247772216797 0
1582320130573 76.94879150390625 0
1582320130634 37.15079116821289 0
1582320130690 190.57713317871094 0
1582320130756 452.6749572753906 0
1582320130824 566.9915771484375 0
1582320130892 127.92571258544922 0
1582320130965 572.42041015625 0
1582320131022 37.473297119140625 0
1582320131073 68.54664611816406 0
1582320131137 44.15723419189453 0
1582320131190 38.45766067504883 0
1582320131244 35.86342239379883 0
1582320131299 217.02243041992188 0
1582320131355 551.2069091796875 0
1582320131406 290.2867431640625 0
1582320131461 43.44091033935547 0
1582320131514 692.7434692382812 0
1582320131565 110.0073013305664 0
1582320131624 23.860519409179688 0
1582320131675 467.3621520996094 0
1582320131726 112.48539733886719 0
1582320131777 505.55316162109375 0
1582320131832 121.70714569091797 0
1582320131887 95.8246078491211 0
1582320131939 705.702392578125 0
1582320132002 588.5501098632812 0
1582320132059 62.98878860473633 0
1582320132110 62.68723678588867 0
1582320132162 106.38075256347656 0
1582320132213 126.38562774658203 0
1582320132265 538.2876586914062 0
1582320132315 174.14617919921875 0
1582320132375 571.2473754882812 0
1582320132424 246.1262969970703 0
1582320132487 19.378719329833984 0
1582320132554 65.52098083496094 0
1582320132615 23.332727432250977 0
1582320132684 296.72784423828125 0
1582320132748 660.8409423828125 0
1582320132811 152.74221801757812 0
1582320132868 477.3494567871094 0
1582320132928 42.18453598022461 0
1582320132991 97.86273193359375 0
1582320133040 498.67572021484375 0
1582320133089 99.62265014648438 0
1582320133138 177.0780029296875 0
1582320133193 245.58700561523438 0
1582320133249 130.44869995117188 0
1582320133299 121.39568328857422 0
1582320133348 581.7405395507812 0
1582320133396 277.62396240234375 0
1582320133451 191.68922424316406 0
1582320133503 143.64752197265625 0
1582320133566 284.1703796386719 0
1582320133626 611.52978515625 0
1582320133687 223.98007202148438 0
1582320133746 117.64419555664062 0
1582320133805 156.49844360351562 0
1582320133866 415.6049499511719 0
1582320133925 136.9794464111328 0
1582320133988 62.55897903442383 0
1582320134053 375.8877258300781 0
1582320134121 427.4569396972656 0
1582320134188 33.272605895996094 0
1582320134250 470.9906005859375 0
1582320134307 167.59632873535156 0
1582320134372 278.88995361328125 0
1582320134425 83.88868713378906 0
1582320134480 313.8338317871094 0
1582320134538 551.305908203125 0
1582320134601 151.68446350097656 0
1582320134661 583.3662719726562 0
1582320134715 480.2776794433594 0
1582320134767 285.573486328125 0
1582320134829 303.9771423339844 0
1582320134882 558.7200317382812 0
1582320134937 99.63890075683594 0
1582320134994 675.4215698242188 0
1582320135050 31.21732521057129 0
1582320135102 217.7749481201172 0
1582320135156 380.4342346191406 0
1582320135212 25.239126205444336 0
1582320135268 681.3175048828125 0
1582320135331 96.94537353515625 0
1582320135395 27.555442810058594 0
1582320135463 545.0144653320312 0
1582320135512 186.7720489501953 0
1582320135569 194.5628204345703 0
1582320135626 163.26119995117188 0
1582320135685 264.3177185058594 0
1582320135737 45.191349029541016 0
1582320135786 228.35044860839844 0
1582320135836 747.0499267578125 0
1582320135886 25.079341888427734 0
1582320135939 191.08242797851562 0
1582320135992 78.2816162109375 0
1582320136043 526.5652465820312 0
1582320136101 312.848876953125 0
1582320136148 307.34375 0
1582320136198 512.4555053710938 0
1582320136249 481.8711853027344 0
1582320136297 263.1680603027344 0
1582320136345 426.2801818847656 0
1582320136396 38.701656341552734 0
1582320136446 564.6689453125 0
1582320136499 87.19878387451172 0
1582320136558 233.5050048828125 0
1582320136620 135.57688903808594 0
1582320136678 501.62384033203125 0
1582320136743 753.9149780273438 0
1582320136806 28.45428466796875 0
1582320136872 649.8224487304688 0
1582320136924 331.6862487792969 0
1582320136986 454.4593505859375 0
1582320137046 777.4710083007812 0
1582320137117 30.740201950073242 0
1582320137175 239.1722869873047 0
1582320137226 431.7010803222656 0
1582320137279 618.1880493164062 0
1582320137350 195.56764221191406 0
1582320137415 403.6373291015625 0
1582320137473 470.31585693359375 0
1582320137526 57.2613525390625 0
1582320137576 103.25109100341797 0
1582320137635 638.63330078125 0
1582320137692 403.2540588378906 0
1582320137746 600.5590209960938 0
1582320137804 326.2808532714844 0
1582320137872 109.11338806152344 0
1582320137921 514.9371948242188 0
1582320137974 263.6447448730469 0
1582320138023 186.10289001464844 0
1582320138078 531.5842895507812 0
1582320138128 418.2857971191406 0
1582320138181 73.25464630126953 0
1582320138234 84.30782318115234 0
1582320138370 202.5772705078125 0
1582320138433 210.2891082763672 0
1582320138487 374.7792663574219 0
1582320138540 274.25640869140625 0
1582320138593 304.6700134277344 0
1582320138644 469.64453125 0
1582320138696 527.2470703125 0
1582320138754 61.75129699707031 0
1582320138800 266.230224609375 0
1582320138858 232.98365783691406 0
1582320138917 253.12916564941406 0
1582320138978 583.947021484375 0
1582320139038 191.13687133789062 0
1582320139100 531.959716796875 0
1582320139159 41.34760284423828 0
1582320139213 49.8712043762207 0
1582320139272 579.7467651367188 0
1582320139335 706.6514282226562 0
1582320139393 214.9884033203125 0
1582320139446 84.53157806396484 0
1582320139495 368.14581298828125 0
1582320139549 77.40382385253906 0
1582320139603 732.0762939453125 0
1582320139657 64.86204528808594 0
1582320139705 513.9174194335938 0
1582320139756 474.4970703125 0
1582320139803 326.4433288574219 0
1582320139849 254.54554748535156 0
1582320139896 514.6771240234375 0
1582320139944 27.552017211914062 0
1582320139993 423.3918762207031 0
1582320140045 149.1373748779297 0
1582320140110 23.981521606445312 0
1582320140169 526.19091796875 0
1582320140225 651.5994873046875 0
1582320140285 83.64066314697266 0
1582320140347 261.4270324707031 0
1582320140400 410.7069396972656 0
1582320140464 404.453125 0
1582320140528 596.29833984375 0
1582320140590 185.59048461914062 0
1582320140655 167.64585876464844 0
1582320140710 618.184326171875 0
1582320140766 280.42864990234375 0
1582320140826 264.40643310546875 0
1582320140896 327.5015869140625 0
1582320140960 211.2742919921875 0
1582320141008 470.47540283203125 0
1582320141062 698.7377319335938 0
1582320141120 833.5911254882812 0
1582320141180 449.4237365722656 0
1582320141239 186.2867889404297 0
1582320141296 466.5022888183594 0
1582320141356 44.05043411254883 0
1582320141418 393.6282653808594 0
1582320141477 368.5030517578125 0
1582320141530 157.93240356445312 0
1582320141580 29.7539119720459 0
1582320141629 111.58698272705078 0
1582320141684 566.212158203125 0
1582320141738 247.6238555908203 0
1582320141790 654.4122314453125 0
1582320141839 101.737548828125 0
1582320141883 180.1018829345703 0
1582320141931 9.61742877960205 0
1582320141985 556.2968139648438 0
1582320142044 113.1897201538086 0
1582320142098 306.1971130371094 0
1582320142150 229.6160888671875 0
1582320142205 316.94329833984375 0
1582320142268 172.5565185546875 0
1582320142328 680.377197265625 0
1582320142381 27.628190994262695 0
1582320142431 712.9661254882812 0
1582320142492 159.413330078125 0
1582320142546 125.3628158569336 0
1582320142600 736.8792724609375 0
1582320142655 235.7858123779297 0
1582320142708 278.4273681640625 0
1582320142765 635.7732543945312 0
1582320142824 320.57171630859375 0
1582320142886 561.947509765625 0
1582320142948 209.27713012695312 0
1582320143004 500.5068359375 0
1582320143054 55.35847854614258 0
1582320143109 502.837646484375 0
1582320143159 204.2652130126953 0
1582320143212 238.75714111328125 0
1582320143268 325.560791015625 0
1582320143334 748.2116088867188 0
1582320143403 504.7813415527344 0
1582320143479 82.80777740478516 0
1582320143546 492.2066650390625 0
1582320143604 155.2650146484375 0
1582320143657 432.444580078125 0
1582320143737 440.7513427734375 0
1582320143786 464.61322021484375 0
1582320143845 294.9764404296875 0
1582320143895 185.78134155273438 0
1582320143947 939.9365844726562 0
1582320144005 74.51239013671875 0
1582320144068 308.21337890625 0
1582320144120 61.77140426635742 0
1582320144181 489.486328125 0
1582320144241 135.21090698242188 0
1582320144303 139.83865356445312 0
1582320144373 880.4324951171875 0
1582320144435 575.3594360351562 0
1582320144491 281.4624938964844 0
1582320144553 587.6124267578125 0
1582320144603 119.95685577392578 0
1582320144668 863.9898681640625 0
1582320144733 427.2272033691406 0
1582320144786 21.144969940185547 0
1582320144848 116.43048095703125 0
1582320144907 661.5610961914062 0
1582320144955 86.1668472290039 0
1582320145025 209.51559448242188 0
1582320145074 549.74462890625 0
1582320145124 277.41949462890625 0
1582320145170 53.357845306396484 0
1582320145216 164.86849975585938 0
1582320145264 391.1801452636719 0
1582320145315 77.97361755371094 0
1582320145369 527.9070434570312 0
1582320145430 374.7795715332031 0
1582320145482 302.1336364746094 0
1582320145534 91.78250885009766 0
1582320145597 460.37677001953125 0
1582320145662 959.55859375 0
1582320145713 43.3049201965332 0
1582320145766 313.2900085449219 0
1582320145818 138.88787841796875 0
1582320145867 76.29898071289062 0
1582320145920 494.3125915527344 0
1582320145983 456.8399353027344 0
1582320146042 475.1645812988281 0
1582320146092 36.891090393066406 0
1582320146146 92.59477233886719 0
1582320146195 638.1976928710938 0
1582320146250 28.526451110839844 0
1582320146306 38.70618438720703 0
1582320146369 633.5748291015625 0
1582320146429 287.48089599609375 0
1582320146489 470.3067321777344 0
1582320146545 240.09095764160156 0
1582320146603 535.077880859375 0
1582320146664 633.0841674804688 0
1582320146722 435.14263916015625 0
1582320146787 400.29632568359375 0
1582320146850 453.97552490234375 0
1582320146912 17.514339447021484 0
1582320146968 486.8467712402344 0
1582320147034 517.5374755859375 0
1582320147094 164.0310821533203 0
1582320147153 451.3327331542969 0
1582320147215 622.0556640625 0
1582320147326 93.77220153808594 0
1582320147388 447.94000244140625 0
1582320147451 1066.3031005859375 0
1582320147505 1090.3453369140625 0
1582320147565 451.2637634277344 0
1582320147623 105.56989288330078 0
1582320147683 431.6971740722656 0
1582320147743 60.99722671508789 0
1582320147806 179.9256134033203 0
1582320147869 110.1413803100586 0
1582320147932 723.6737670898438 0
1582320147989 620.7115478515625 0
1582320148060 420.04144287109375 0
1582320148122 321.38275146484375 0
1582320148180 51.931583404541016 0
1582320148242 556.1708374023438 0
1582320148303 331.2815856933594 0
1582320148359 533.4554443359375 0
1582320148410 108.4750747680664 0
1582320148464 97.83436584472656 0
1582320148523 459.7572937011719 0
1582320148578 427.0922546386719 0
1582320148642 443.6555480957031 0
1582320148706 138.9683380126953 0
1582320148766 507.2436218261719 0
1582320148819 530.0328369140625 0
1582320148871 325.59783935546875 0
1582320148931 123.56800079345703 0
1582320148986 559.9569702148438 0
1582320149040 132.25233459472656 0
1582320149096 558.27490234375 0
1582320149152 835.8709716796875 0
1582320149204 32.90463638305664 0
1582320149256 118.8515396118164 0
1582320149311 530.99365234375 0
1582320149379 111.60264587402344 0
1582320149445 61.48906707763672 0
1582320149515 989.6134643554688 0
1582320149582 511.2464294433594 0
1582320149643 879.909423828125 0
1582320149707 431.4263000488281 0
1582320149773 220.1650848388672 0
1582320149837 468.2110290527344 0
1582320149898 385.2883605957031 0
1582320149954 594.8912963867188 0
1582320150006 58.42736053466797 0
1582320150055 405.7960510253906 0
1582320150106 192.00372314453125 0
1582320150160 640.7166748046875 0
1582320150216 650.506103515625 0
1582320150273 462.2221984863281 0
1582320150344 146.84423828125 0
1582320150413 733.5314331054688 0
1582320150478 737.4795532226562 0
1582320150539 738.8978271484375 0
1582320150600 1051.1776123046875 0
1582320150662 485.7703552246094 0
1582320150711 81.95386505126953 0
1582320150763 714.204345703125 0
1582320150813 1044.9962158203125 0
1582320150864 62.639984130859375 0
1582320150919 244.0100860595703 0
1582320150983 88.90247344970703 0
1582320151042 409.818359375 0
1582320151091 17.500492095947266 0
1582320151139 122.2302017211914 0
1582320151193 412.03265380859375 0
1582320151246 285.5248718261719 0
1582320151314 261.648681640625 0
1582320151361 873.4351806640625 0
1582320151410 344.51434326171875 0
1582320151456 503.1104431152344 0
1582320151509 133.5454864501953 0
1582320151562 133.77117919921875 0
1582320151616 619.7606811523438 0
1582320151673 250.43377685546875 0
1582320151731 437.2241516113281 0
1582320151798 380.206298828125 0
1582320151848 412.71405029296875 0
1582320151906 49.781036376953125 0
1582320151949 108.2849349975586 0
1582320152002 286.2606201171875 0
1582320152060 72.34559631347656 0
1582320152111 136.0627899169922 0
1582320152164 200.0701446533203 0
1582320152217 343.4284362792969 0
1582320152272 447.623046875 0
1582320152331 475.09356689453125 0
1582320152391 245.29087829589844 0
1582320152444 342.5401611328125 0
1582320152502 139.94749450683594 0
1582320152561 426.75579833984375 0
1582320152627 857.8467407226562 0
1582320152686 447.8583068847656 0
1582320152739 606.6776123046875 0
1582320152794 418.400146484375 0
1582320152856 731.3359985351562 0
1582320152916 26.158084869384766 0
1582320152972 95.99083709716797 0
1582320153028 815.5145874023438 0
1582320153082 245.9099884033203 0
1582320153142 62.78409194946289 0
1582320153193 475.44342041015625 0
1582320153242 168.09652709960938 0
1582320153304 85.45917510986328 0
1582320153355 646.1926879882812 0
1582320153408 225.77867126464844 0
1582320153460 360.4695739746094 0
1582320153509 522.02685546875 0
1582320153564 483.5374450683594 0
1582320153619 627.1014404296875 0
1582320153662 101.65811920166016 0
1582320153711 465.0479431152344 0
1582320153764 1058.256103515625 0
1582320153816 362.8424377441406 0
1582320153870 653.9484252929688 0
1582320153922 394.3118591308594 0
1582320153981 20.813140869140625 0
1582320154034 988.8473510742188 0
1582320154087 433.2311096191406 0
1582320154147 268.8345642089844 0
1582320154204 449.0450134277344 0
1582320154264 142.03219604492188 0
1582320154324 225.8974151611328 0
1582320154378 57.64106750488281 0
1582320154436 166.5601043701172 0
1582320154488 443.63568115234375 0
1582320154549 534.3073120117188 0
1582320154609 332.63690185546875 0
1582320154662 613.347412109375 0
1582320154716 230.95217895507812 0
1582320154765 82.05609893798828 0
1582320154829 441.6373291015625 0
1582320154882 946.8792724609375 0
1582320154930 91.7103042602539 0
1582320154976 157.46934509277344 0
1582320155026 420.3065490722656 0
1582320155087 1026.5306396484375 0
1582320155139 80.35503387451172 0
1582320155189 354.10076904296875 0
1582320155245 448.5115661621094 0
1582320155301 984.5274658203125 0
1582320155350 201.9741973876953 0
1582320155398 498.8511962890625 0
1582320155448 414.02178955078125 0
1582320155501 284.5059814453125 0
1582320155558 344.59271240234375 0
1582320155615 308.6650390625 0
1582320155670 424.81732177734375 0
1582320155729 155.078369140625 0
1582320155781 529.2731323242188 0
1582320155840 355.7972106933594 0
1582320155891 333.8387756347656 0
1582320155940 16.138029098510742 0
1582320155988 105.62608337402344 0
1582320156038 306.6521301269531 0
1582320156084 765.9810791015625 0
1582320156145 228.24240112304688 0
1582320156193 202.01455688476562 0
1582320156242 399.3669128417969 0
1582320156289 276.6324462890625 0
1582320156340 337.811767578125 0
1582320156400 316.57122802734375 0
1582320156460 156.2740020751953 0
1582320156520 513.6129760742188 0
1582320156578 137.79627990722656 0
1582320156635 195.89674377441406 0
1582320156692 22.248464584350586 0
1582320156750 125.93567657470703 0
1582320156811 395.8629150390625 0
1582320156870 283.32415771484375 0
1582320156923 364.3360595703125 0
1582320156981 23.64826011657715 0
1582320157034 148.12997436523438 0
1582320157086 143.6873779296875 0
1582320157145 117.70924377441406 0
1582320157204 36.765281677246094 0
1582320157263 396.90338134765625 0
1582320157314 236.4327392578125 0
1582320157374 361.5718688964844 0
1582320157432 326.6041564941406 0
1582320157493 114.4951171875 0
1582320157547 87.84783172607422 0
1582320157592 54.25137710571289 0
1582320157639 428.5202331542969 0
1582320157688 139.75955200195312 0
1582320157738 48.21492385864258 0
1582320157783 351.2093200683594 0
1582320157831 442.0012512207031 0
1582320157887 597.8386840820312 0
1582320157946 555.1104736328125 0
1582320158004 59.89073944091797 0
1582320158060 579.9144287109375 0
1582320158109 412.219970703125 0
1582320158168 430.7171325683594 0
1582320158220 449.4563293457031 0
1582320158276 414.4084777832031 0
1582320158332 420.0777893066406 0
1582320158380 714.028076171875 0
1582320158434 436.4622497558594 0
1582320158493 355.47039794921875 0
1582320158547 275.257568359375 0
1582320158603 192.74111938476562 0
1582320158661 531.31396484375 0
1582320158720 464.4837341308594 0
1582320158771 320.8325500488281 0
1582320158831 75.94854736328125 0
1582320158890 154.85574340820312 0
1582320158952 469.93243408203125 0
1582320159007 100.9309310913086 0
1582320159066 73.59326171875 0
1582320159120 55.08125686645508 0
1582320159183 572.087158203125 0
1582320159247 480.6282043457031 0
1582320159306 452.16876220703125 0
1582320159354 74.66065979003906 0
1582320159407 379.535400390625 0
1582320159454 330.892822265625 0
1582320159503 387.64202880859375 0
1582320159552 74.94478607177734 0
1582320159600 248.15985107421875 0
1582320159648 251.38600158691406 0
1582320159699 271.9938049316406 0
1582320159750 28.83148765563965 0
1582320159796 186.71141052246094 0
1582320159848 348.72760009765625 0
1582320159899 482.9344787597656 0
1582320159949 430.03179931640625 0
1582320159998 323.349853515625 0
1582320160046 786.7750854492188 0
1582320160095 131.6428680419922 0
1582320160145 29.896879196166992 0
1582320160195 660.1824340820312 0
1582320160248 74.9145278930664 0
1582320160297 550.06396484375 0
1582320160357 212.37734985351562 0
1582320160412 552.9029541015625 0
1582320160466 294.8111877441406 0
1582320160515 135.06149291992188 0
1582320160566 52.16194152832031 0
1582320160616 39.95552444458008 0
1582320160667 75.11663055419922 0
1582320160717 384.190185546875 0
1582320160767 19.9376163482666 0
1582320160816 61.63935852050781 0
1582320160866 186.5977783203125 0
1582320160917 574.5917358398438 0
1582320160966 518.0322875976562 0
1582320161013 124.10499572753906 0
1582320161063 861.3748168945312 0
1582320161116 314.9881896972656 0
1582320161176 394.4872131347656 0
1582320161228 263.8933410644531 0
1582320161287 142.78543090820312 0
1582320161343 708.0330810546875 0
1582320161406 73.6300048828125 0
1582320161462 319.72900390625 0
1582320161519 29.593000411987305 0
1582320161578 13.133322715759277 0
1582320161637 39.34934997558594 0
1582320161698 409.53656005859375 0
1582320161746 133.66461181640625 0
1582320161790 112.03729248046875 0
1582320161844 313.6795349121094 0
1582320161892 278.103759765625 0
1582320161941 32.80845642089844 0
1582320161996 318.868896484375 0
1582320162054 34.711456298828125 0
1582320162121 223.53195190429688 0
1582320162178 49.57422637939453 0
1582320162230 36.68178176879883 0
1582320162289 84.55843353271484 0
1582320162345 303.950927734375 0
1582320162405 150.4937286376953 0
1582320162460 556.0292358398438 0
1582320162517 377.2680358886719 0
1582320162576 539.1979370117188 0
1582320162632 293.15863037109375 0
1582320162692 278.65093994140625 0
1582320162755 1098.279541015625 0
1582320162813 486.0465393066406 0
1582320162861 142.9977569580078 0
1582320162911 330.2349853515625 0
1582320162964 143.75222778320312 0
1582320163015 105.33698272705078 0
1582320163070 38.529964447021484 0
1582320163114 51.16971206665039 0
1582320163160 113.81970977783203 0
1582320163207 65.79791259765625 0
1582320163254 507.5070495605469 0
1582320163303 591.0280151367188 0
1582320163353 1113.630126953125 0
1582320163401 695.207763671875 0
1582320163451 1208.462890625 0
1582320163503 423.8349914550781 0
1582320163553 203.36004638671875 0
1582320163606 864.4513549804688 0
1582320163656 708.2255859375 0
1582320163707 341.822509765625 0
1582320163760 115.46198272705078 0
1582320163811 275.6730651855469 0
1582320163863 390.8342590332031 0
1582320163910 52.841064453125 0
1582320163958 794.1199951171875 0
1582320164005 335.82421875 0
1582320164062 304.66546630859375 0
1582320164118 15.662824630737305 0
1582320164174 54.28821563720703 0
1582320164232 70.69631958007812 0
1582320164284 170.13442993164062 0
1582320164331 121.37481689453125 0
1582320164386 175.2159423828125 0
1582320164439 271.9228210449219 0
1582320164501 169.57223510742188 0
1582320164564 103.82533264160156 0
1582320164613 15.36437702178955 0
1582320164672 525.011962890625 0
1582320164718 223.7549285888672 0
1582320164768 472.1870422363281 0
1582320164816 116.71553039550781 0
1582320164866 343.6826171875 0
1582320164918 229.02174377441406 0
1582320164974 59.62496566772461 0
1582320165031 354.4348449707031 0
1582320165097 61.838348388671875 0
1582320165159 73.30282592773438 0
1582320165219 153.77493286132812 0
1582320165274 574.2345581054688 0
1582320165333 290.77337646484375 0
1582320165390 649.10546875 0
1582320165441 1122.375732421875 0
1582320165490 55.30314254760742 0
1582320165543 462.396484375 0
1582320165595 192.1606903076172 0
1582320165647 462.8249206542969 0
1582320165704 878.6017456054688 0
1582320165758 198.0360565185547 0
1582320165809 177.5758056640625 0
1582320165866 220.55601501464844 0
1582320165918 186.81321716308594 0
1582320165967 154.15475463867188 0
1582320166022 355.76165771484375 0
1582320166076 142.89682006835938 0
1582320166129 97.31698608398438 0
1582320166187 818.1685180664062 0
1582320166244 22.064620971679688 0
1582320166299 178.6686248779297 0
1582320166356 825.0208129882812 0
1582320166412 260.6325378417969 0
1582320166463 257.7447509765625 0
1582320166516 50.2879753112793 0
1582320166566 360.1240539550781 0
1582320166624 263.3889465332031 0
1582320166681 321.6190490722656 0
1582320166729 40.94673538208008 0
1582320166792 382.7336730957031 0
1582320166849 337.094970703125 0
1582320166902 337.0186462402344 0
1582320166960 78.35760498046875 0
1582320167013 415.8694152832031 0
1582320167076 314.2477111816406 0
1582320167137 454.35052490234375 0
1582320167195 313.2138977050781 0
1582320167269 42.50389862060547 0
1582320167329 267.15814208984375 0
1582320167387 23.913227081298828 0
1582320167445 884.8466186523438 0
1582320167513 675.1190185546875 0
1582320167569 238.5005645751953 0
1582320167627 41.34088897705078 0
1582320167678 326.0179138183594 0
1582320167726 464.6771240234375 0
1582320167778 428.8450622558594 0
1582320167839 185.16757202148438 0
1582320167897 79.54480743408203 0
1582320167958 299.0983581542969 0
1582320168027 624.8419799804688 0
1582320168082 441.55560302734375 0
1582320168133 199.59078979492188 0
1582320168187 240.13783264160156 0
1582320168234 42.76360321044922 0
1582320168290 26.756608963012695 0
1582320168338 615.18408203125 0
1582320168392 471.2026062011719 0
1582320168448 38.6319580078125 0
1582320168502 329.1216125488281 0
1582320168567 391.43121337890625 0
1582320168629 110.64276123046875 0
1582320168686 279.3240661621094 0
1582320168736 462.281982421875 0
1582320168788 85.3436279296875 0
1582320168836 159.435302734375 0
1582320168885 567.2293090820312 0
1582320168940 450.6634521484375 0
1582320168991 478.4562072753906 0
1582320169037 114.68797302246094 0
1582320169085 32.41032791137695 0
1582320169134 173.23878479003906 0
1582320169181 25.6380672454834 0
1582320169227 228.0039520263672 0
1582320169274 216.2808380126953 0
1582320169322 212.9639892578125 0
1582320169377 588.7462158203125 0
1582320169436 133.9270782470703 0
1582320169493 139.87423706054688 0
1582320169547 154.8379669189453 0
1582320169608 280.3826599121094 0
1582320169664 267.5583190917969 0
1582320169718 50.22819137573242 0
1582320169776 158.59893798828125 0
1582320169831 334.1683349609375 0
1582320169892 241.45175170898438 0
1582320169948 231.3627471923828 0
1582320170004 172.14215087890625 0
1582320170059 58.527809143066406 0
1582320170112 345.5534973144531 0
1582320170162 174.35910034179688 0
1582320170220 288.4430236816406 0
1582320170272 558.2171020507812 0
1582320170319 398.9556884765625 0
1582320170368 206.80747985839844 0
1582320170423 122.27293395996094 0
1582320170474 414.795166015625 0
1582320170519 322.086181640625 0
1582320170572 199.6476287841797 0
1582320170633 194.30975341796875 0
1582320170687 291.8384094238281 0
1582320170742 206.5303192138672 0
1582320170795 132.89947509765625 0
1582320170848 261.5145568847656 0
1582320170901 190.07540893554688 0
1582320170956 89.71295928955078 0
1582320171017 122.45742797851562 0
1582320171076 77.46011352539062 0
1582320171137 82.59214782714844 0
1582320171196 50.604522705078125 0
1582320171254 294.46392822265625 0
1582320171305 193.15313720703125 0
1582320171353 62.50907897949219 0
1582320171401 38.71488952636719 0
1582320171461 448.768310546875 0
1582320171515 179.36947631835938 0
1582320171576 31.327299118041992 0
1582320171632 177.6856231689453 0
1582320171679 179.75498962402344 0
1582320171729 71.32113647460938 0
1582320171777 157.66494750976562 0
1582320171836 235.51829528808594 0
1582320171887 306.078857421875 0
1582320171932 162.21522521972656 0
1582320171975 156.6784210205078 0
1582320172032 92.79077911376953 0
1582320172097 75.691162109375 0
1582320172148 287.46343994140625 0
1582320172205 258.47833251953125 0
1582320172264 388.87939453125 0
1582320172326 39.535675048828125 0
1582320172386 168.02166748046875 0
1582320172445 126.67153930664062 0
1582320172504 137.85719299316406 0
1582320172564 241.1020050048828 0
1582320172621 537.0413818359375 0
1582320172680 228.37171936035156 0
1582320172739 107.51663970947266 0
1582320172796 291.78369140625 0
1582320172852 538.712890625 0
1582320172895 503.44976806640625 0
1582320172943 169.07461547851562 0
1582320172992 775.8436889648438 0
1582320173042 494.171630859375 0
1582320173089 201.6044158935547 0
1582320173137 302.1196594238281 0
1582320173187 407.1244812011719 0
1582320173235 551.9190673828125 0
1582320173287 64.33240509033203 0
1582320173335 88.21589660644531 0
1582320173381 334.9467468261719 0
1582320173430 160.14627075195312 0
1582320173479 153.7393798828125 0
1582320173530 206.1502227783203 0
1582320173591 36.645355224609375 0
1582320173648 172.86875915527344 0
1582320173704 96.75880432128906 0
1582320173757 43.30525588989258 0
1582320173805 65.65633392333984 0
1582320173870 86.37138366699219 0
1582320173928 82.81796264648438 0
1582320173988 92.47366333007812 0
1582320174049 76.86876678466797 0
1582320174109 324.561279296875 0
1582320174164 370.41156005859375 0
1582320174224 149.2267608642578 0
1582320174284 84.1107177734375 0
1582320174341 256.8517150878906 0
1582320174391 560.5872802734375 0
1582320174435 489.3528137207031 0
1582320174478 167.64938354492188 0
1582320174520 40.86534881591797 0
1582320174565 65.26216125488281 0
1582320174614 748.8090209960938 0
1582320174672 519.7952880859375 0
1582320174732 29.573453903198242 0
1582320174791 93.97679901123047 0
1582320174853 136.89015197753906 0
1582320174912 338.06536865234375 0
1582320174967 118.77179718017578 0
1582320175017 276.105712890625 0
1582320175072 275.67095947265625 0
1582320175127 121.66735076904297 0
1582320175184 62.518985748291016 0
1582320175239 215.2841339111328 0
1582320175300 174.13059997558594 0
1582320175360 107.62218475341797 0
1582320175419 322.5830383300781 0
1582320175468 324.7043151855469 0
1582320175526 268.3645935058594 0
1582320175586 73.39334869384766 0
1582320175642 124.44446563720703 0
1582320175701 100.94371032714844 0
1582320175754 108.72682189941406 0
1582320175801 105.14977264404297 0
1582320175849 91.41600036621094 0
1582320175895 456.3891296386719 0
1582320175941 259.1004943847656 0
1582320175984 530.9192504882812 0
1582320176031 502.7678527832031 0
1582320176085 35.86665725708008 0
1582320176145 109.34429931640625 0
1582320176188 177.2329559326172 0
1582320176235 476.5595703125 0
1582320176282 15.029194831848145 0
1582320176330 22.529441833496094 0
1582320176377 121.96575164794922 0
1582320176424 61.14893341064453 0
1582320176482 154.29873657226562 0
1582320176544 409.161865234375 0
1582320176604 219.4311981201172 0
1582320176663 201.97616577148438 0
1582320176721 44.992835998535156 0
1582320176772 256.109130859375 0
1582320176823 181.2014923095703 0
1582320176882 153.75558471679688 0
1582320176937 41.609439849853516 0
1582320177003 336.1750793457031 0
1582320177061 620.8320922851562 0
1582320177122 29.834379196166992 0
1582320177168 22.86870765686035 0
1582320177214 194.65147399902344 0
1582320177256 566.1845703125 0
1582320177312 257.5845642089844 0
1582320177360 65.3773422241211 0
1582320177421 117.49717712402344 0
1582320177469 66.91236877441406 0
1582320177515 89.21980285644531 0
1582320177560 144.5511932373047 0
1582320177608 187.88796997070312 0
1582320177655 224.6146240234375 0
1582320177707 336.1644592285156 0
1582320177758 130.03750610351562 0
1582320177807 135.87660217285156 0
1582320177854 195.95782470703125 0
1582320177904 402.0748596191406 0
1582320177959 102.40513610839844 0
1582320178013 28.35825538635254 0
1582320178063 99.72306060791016 0
1582320178121 46.726890563964844 0
1582320178174 178.40170288085938 0
1582320178231 583.2520141601562 0
1582320178287 81.56385803222656 0
1582320178344 289.57470703125 0
1582320178400 31.107044219970703 0
1582320178449 260.07366943359375 0
1582320178506 52.038421630859375 0
1582320178562 209.69219970703125 0
1582320178624 229.9093475341797 0
1582320178674 284.4154052734375 0
1582320178725 35.641944885253906 0
1582320178770 242.3095703125 0
1582320178813 293.35150146484375 0
1582320178861 208.2449493408203 0
1582320178906 422.2848205566406 0
1582320178953 318.1666564941406 0
1582320179008 61.66996383666992 0
1582320179067 677.8558959960938 0
1582320179115 95.23724365234375 0
1582320179162 512.5772705078125 0
1582320179209 58.072174072265625 0
1582320179256 440.5026550292969 0
1582320179302 117.28871154785156 0
1582320179349 77.59578704833984 0
1582320179397 78.15091705322266 0
1582320179445 220.85130310058594 0
1582320179493 334.6518859863281 0
1582320179541 92.76531219482422 0
1582320179587 881.60400390625 0
1582320179636 192.52420043945312 0
1582320179689 238.10177612304688 0
1582320179742 156.08547973632812 0
1582320179799 486.4856262207031 0
1582320179857 141.96023559570312 0
1582320179914 439.2473449707031 0
1582320179971 221.8849334716797 0
1582320180028 75.92691040039062 0
1582320180085 221.55650329589844 0
1582320180151 26.327110290527344 0
1582320180198 654.9239501953125 0
1582320180247 583.190185546875 0
1582320180303 166.9152374267578 0
1582320180353 207.28440856933594 0
1582320180403 110.41999053955078 0
1582320180450 163.21336364746094 0
1582320180493 50.875755310058594 0
1582320180540 79.72432708740234 0
1582320180584 54.30082321166992 0
1582320180633 445.2923583984375 0
1582320180679 170.65818786621094 0
1582320180732 288.26959228515625 0
1582320180781 349.4023742675781 0
1582320180830 458.79693603515625 0
1582320180881 157.5429229736328 0
1582320180929 315.4858093261719 0
1582320180978 244.5497283935547 0
1582320181031 509.6801452636719 0
1582320181089 64.61976623535156 0
1582320181141 258.6026916503906 0
1582320181200 193.19297790527344 0
1582320181258 428.2705993652344 0
1582320181317 394.2632141113281 0
1582320181365 522.0399169921875 0
1582320181418 305.8502502441406 0
1582320181482 307.8881530761719 0
1582320181538 320.3843994140625 0
1582320181586 133.6773681640625 0
1582320181633 526.4902954101562 0
1582320181683 231.69479370117188 0
1582320181730 705.6290283203125 0
1582320181776 311.19012451171875 0
1582320181828 261.7282409667969 0
1582320181888 431.9307556152344 0
1582320181947 426.9612121582031 0
1582320182002 449.4186096191406 0
1582320182058 307.575927734375 0
1582320182109 207.92727661132812 0
1582320182160 250.6941680908203 0
1582320182208 175.6326446533203 0
1582320182260 174.9817352294922 0
1582320182308 200.83909606933594 0
1582320182357 50.29227066040039 0
1582320182403 282.60784912109375 0
1582320182454 471.44830322265625 0
1582320182507 62.5628662109375 0
1582320182556 250.78244018554688 0
1582320182615 301.57763671875 0
1582320182675 55.266910552978516 0
1582320182732 493.503173828125 0
1582320182793 294.24310302734375 0
1582320182852 208.21559143066406 0
1582320182908 424.5257263183594 0
1582320182960 258.72747802734375 0
1582320183013 175.56082153320312 0
1582320183060 53.05177688598633 0
1582320183116 128.1636962890625 0
1582320183168 197.21319580078125 0
1582320183224 265.106201171875 0
1582320183285 165.4339141845703 0
1582320183349 385.6863708496094 0
1582320183404 619.9889526367188 0
1582320183462 379.9350280761719 0
1582320183521 50.634132385253906 0
1582320183573 147.88375854492188 0
1582320183630 323.563720703125 0
1582320183688 588.298583984375 0
1582320183743 56.85047149658203 0
1582320183798 238.1410675048828 0
1582320183848 56.94742202758789 0
1582320183904 456.0159606933594 0
1582320183958 280.44091796875 0
1582320184016 272.683837890625 0
1582320184071 140.0778350830078 0
1582320184123 153.40846252441406 0
1582320184180 189.94125366210938 0
1582320184240 165.45098876953125 0
1582320184296 128.17564392089844 0
1582320184345 124.15480041503906 0
1582320184402 238.1438751220703 0
1582320184456 237.55938720703125 0
1582320184512 554.952392578125 0
1582320184568 445.17376708984375 0
1582320184628 76.4634780883789 0
1582320184676 209.8304901123047 0
1582320184719 534.5667114257812 0
1582320184769 132.7516632080078 0
1582320184822 33.21144485473633 0
1582320184870 358.4436950683594 0
1582320184919 912.90966796875 0
1582320184969 267.82489013671875 0
1582320185016 159.9527587890625 0
1582320185066 203.97244262695312 0
1582320185117 316.76995849609375 0
1582320185172 254.39476013183594 0
1582320185233 200.92843627929688 0
1582320185294 110.93115234375 0
1582320185348 145.29098510742188 0
1582320185397 150.41824340820312 0
1582320185444 306.937744140625 0
1582320185496 36.21065902709961 0
1582320185545 469.655517578125 0
1582320185600 454.1479187011719 0
1582320185657 202.62281799316406 0
1582320185717 333.6022644042969 0
1582320185773 177.95913696289062 0
1582320185821 459.845703125 0
1582320185871 131.33804321289062 0
1582320185918 39.75133514404297 0
1582320185982 505.59881591796875 0
1582320186040 309.0328674316406 0
1582320186092 41.85166549682617 0
1582320186149 138.12078857421875 0
1582320186208 60.95382308959961 0
1582320186267 187.9813690185547 0
1582320186324 278.29046630859375 0
1582320186379 786.67724609375 0
1582320186433 462.9642028808594 0
1582320186493 291.230224609375 0
1582320186546 630.3015747070312 0
1582320186605 249.7022705078125 0
1582320186655 487.0170593261719 0
1582320186702 252.6691131591797 0
1582320186751 277.9212646484375 0
1582320186804 157.17645263671875 0
1582320186856 528.58642578125 0
1582320186906 101.78675079345703 0
1582320186968 120.75079345703125 0
1582320187020 143.94039916992188 0
1582320187071 147.0804901123047 0
1582320187132 45.30189514160156 0
1582320187182 140.0470428466797 0
1582320187235 276.07177734375 0
1582320187289 280.345947265625 0
1582320187349 235.37802124023438 0
1582320187409 543.1356201171875 0
1582320187470 1040.6025390625 0
1582320187527 324.86187744140625 0
1582320187588 112.52938079833984 0
1582320187634 341.908447265625 0
1582320187682 476.9549865722656 0
1582320187736 138.98875427246094 0
1582320187798 601.8526000976562 0
1582320187859 605.1666259765625 0
1582320187918 256.173828125 0
1582320187970 287.9952697753906 0
1582320188019 111.22457122802734 0
1582320188068 300.1716003417969 0
1582320188128 395.2985534667969 0
1582320188198 111.71173095703125 0
1582320188264 397.90716552734375 0
1582320188325 151.04925537109375 0
1582320188389 263.1380310058594 0
1582320188449 481.06817626953125 0
1582320188512 85.16582489013672 0
1582320188563 46.216346740722656 0
1582320188612 192.1397247314453 0
1582320188671 412.256103515625 0
1582320188722 665.0642700195312 0
1582320188773 249.9589080810547 0
1582320188824 379.9221496582031 0
1582320188875 87.9983901977539 0
1582320188934 715.0096435546875 0
1582320189001 1243.47265625 0
1582320189069 71.81863403320312 0
1582320189126 268.817138671875 0
1582320189188 1519.1419677734375 0
1582320189252 183.6649169921875 0
1582320189309 348.1083984375 0
1582320189370 184.0941619873047 0
1582320189428 94.35018157958984 0
1582320189472 369.0978088378906 0
1582320189519 425.0475158691406 0
1582320189583 837.8920288085938 0
1582320189641 79.04744720458984 0
1582320189703 490.3264465332031 0
1582320189761 185.7167510986328 0
1582320189816 275.31787109375 0
1582320189873 1318.3338623046875 0
1582320189928 1211.46484375 0
1582320189992 305.1221008300781 0
1582320190054 245.57998657226562 0
1582320190102 112.688720703125 0
1582320190157 697.71630859375 0
1582320190218 194.8594512939453 0
1582320190281 307.72918701171875 0
1582320190344 406.6273193359375 0
1582320190404 576.9514770507812 0
1582320190464 229.08775329589844 0
1582320190514 136.9813995361328 0
1582320190561 58.460121154785156 0
1582320190609 211.9053192138672 0
1582320190660 495.8014831542969 0
1582320190722 277.9297180175781 0
1582320190783 131.4414520263672 0
1582320190847 172.52452087402344 0
1582320190909 455.3388671875 0
1582320190971 334.8116760253906 0
1582320191027 291.593505859375 0
1582320191087 342.4832763671875 0
1582320191137 736.7708740234375 0
1582320191202 83.52903747558594 0
1582320191261 101.52377319335938 0
1582320191321 451.0693359375 0
1582320191381 132.10105895996094 0
1582320191444 448.8177185058594 0
1582320191503 153.11032104492188 0
1582320191550 336.54986572265625 0
1582320191611 158.00048828125 0
1582320191659 157.14846801757812 0
1582320191715 55.44733428955078 0
1582320191773 115.7021713256836 0
1582320191827 80.27999877929688 0
1582320191884 127.34845733642578 0
1582320191933 222.63088989257812 0
1582320191989 120.59761047363281 0
1582320192052 893.8014526367188 0
1582320192109 152.6989288330078 0
1582320192167 122.70750427246094 0
1582320192225 188.262939453125 0
1582320192281 96.00399017333984 0
1582320192336 381.3113708496094 0
1582320192384 286.3541259765625 0
1582320192430 315.6148986816406 0
1582320192478 73.05045318603516 0
1582320192527 469.1361083984375 0
1582320192575 443.562744140625 0
1582320192621 325.48248291015625 0
1582320192668 483.8403625488281 0
1582320192717 63.67539596557617 0
1582320192765 424.2043762207031 0
1582320192818 1032.883056640625 0
1582320192867 1502.613525390625 0
1582320192917 426.2364807128906 0
1582320192963 796.6282348632812 0
1582320193010 90.12567901611328 0
1582320193059 376.5602722167969 0
1582320193124 1113.251953125 0
1582320193172 218.83053588867188 0
1582320193231 318.757080078125 0
1582320193301 239.42636108398438 0
1582320193358 132.5279998779297 0
1582320193408 450.9520568847656 0
1582320193462 1097.4986572265625 0
1582320193522 87.02700805664062 0
1582320193579 141.4520263671875 0
1582320193638 187.51031494140625 0
1582320193694 251.0005340576172 0
1582320193758 452.3424072265625 0
1582320193820 158.81295776367188 0
1582320193879 99.04594421386719 0
1582320193934 552.0958862304688 0
1582320193989 192.43605041503906 0
1582320194043 492.2540588378906 0
1582320194095 116.9999771118164 0
1582320194147 1121.29443359375 0
1582320194201 109.02801513671875 0
1582320194247 209.04611206054688 0
1582320194296 1136.349609375 0
1582320194361 1361.217041015625 0
1582320194430 241.2263946533203 0
1582320194482 608.9259033203125 0
1582320194538 65.19741821289062 0
1582320194587 64.5067367553711 0
1582320194636 536.7760620117188 0
1582320194691 657.4122924804688 0
1582320194745 234.33802795410156 0
1582320194814 250.83184814453125 0
1582320194888 604.448486328125 0
1582320194955 258.5031433105469 0
1582320195001 98.28287506103516 0
1582320195058 135.1745147705078 0
1582320195117 635.2667236328125 0
1582320195173 156.49993896484375 0
1582320195238 582.909912109375 0
1582320195298 121.78812408447266 0
1582320195353 165.0384979248047 0
1582320195416 444.87286376953125 0
1582320195483 188.89865112304688 0
1582320195541 94.51481628417969 0
1582320195596 381.2256774902344 0
1582320195666 63.97245407104492 0
1582320195726 451.5967712402344 0
1582320195794 264.37591552734375 0
1582320195848 127.75701141357422 0
1582320195906 172.41864013671875 0
1582320195964 115.04332733154297 0
1582320196016 424.474853515625 0
1582320196077 227.59854125976562 0
1582320196133 125.93445587158203 0
1582320196189 290.9093933105469 0
1582320196250 522.7157592773438 0
1582320196304 32.969276428222656 0
1582320196365 161.18777465820312 0
1582320196419 288.484130859375 0
1582320196474 84.84668731689453 0
1582320196531 174.81158447265625 0
1582320196594 90.47340393066406 0
1582320196651 611.64599609375 0
1582320196708 380.7572021484375 0
1582320196771 102.66270446777344 0
1582320196829 144.3642578125 0
1582320196884 253.95596313476562 0
1582320196937 206.85348510742188 0
1582320196992 515.4078979492188 0
1582320197048 127.34364318847656 0
1582320197109 542.1627807617188 0
1582320197163 491.346923828125 0
1582320197214 160.7779083251953 0
1582320197263 336.3190002441406 0
1582320197312 241.5013427734375 0
1582320197366 57.86924362182617 0
1582320197414 44.66075134277344 0
1582320197470 250.94766235351562 0
1582320197527 139.08358764648438 0
1582320197591 199.7129364013672 0
1582320197654 577.8682861328125 0
1582320197707 68.50039672851562 0
1582320197758 65.7523422241211 0
1582320197815 50.00899887084961 0
1582320197861 124.35726165771484 0
1582320197915 178.49508666992188 0
1582320197969 541.8150634765625 0
1582320198026 361.5643310546875 0
1582320198081 172.4423370361328 0
1582320198135 245.71900939941406 0
1582320198184 154.4933319091797 0
1582320198233 348.7265625 0
1582320198277 193.3966064453125 0
1582320198321 227.4659423828125 0
1582320198368 174.6167755126953 0
1582320198424 587.93701171875 0
1582320198483 164.65090942382812 0
1582320198538 197.99655151367188 0
1582320198592 481.4815979003906 0
1582320198647 274.30487060546875 0
1582320198708 954.7444458007812 0
1582320198762 207.27395629882812 0
1582320198814 604.0654296875 0
1582320198866 267.0780334472656 0
1582320198916 374.99188232421875 0
1582320198967 1313.2469482421875 0
1582320199019 44.537750244140625 0
1582320199071 136.1607666015625 0
1582320199121 90.65130615234375 0
1582320199174 597.74560546875 0
1582320199228 734.4295043945312 0
1582320199286 133.0618438720703 0
1582320199350 259.710693359375 0
1582320199415 156.880126953125 0
1582320199474 624.6687622070312 0
1582320199534 429.58013916015625 0
1582320199595 209.87301635742188 0
1582320199657 337.9012145996094 0
1582320199725 581.9472045898438 0
1582320199790 195.31387329101562 0
1582320199847 411.4837341308594 0
1582320199912 207.04417419433594 0
1582320199966 101.14692687988281 0
1582320200027 438.0144958496094 0
1582320200087 47.75935745239258 0
1582320200148 31.277616500854492 0
1582320200212 124.61429595947266 0
1582320200270 498.1636047363281 0
1582320200332 460.9645080566406 0
1582320200392 135.0345916748047 0
1582320200463 567.8609008789062 0
1582320200524 187.7467803955078 0
1582320200589 247.74395751953125 0
1582320200648 267.0101013183594 0
1582320200711 108.36933898925781 0
1582320200780 58.1379280090332 0
1582320200847 173.5208740234375 0
1582320200913 191.46116638183594 0
1582320200980 517.8807373046875 0
1582320201047 244.0248260498047 0
1582320201107 184.6727294921875 0
1582320201173 191.83200073242188 0
1582320201243 152.51332092285156 0
1582320201314 46.34055709838867 0
1582320201377 195.06051635742188 0
1582320201445 87.34892272949219 0
1582320201514 63.28140640258789 0
1582320201579 231.51611328125 0
1582320201641 58.3031005859375 0
1582320201696 199.6934051513672 0
1582320201762 47.918827056884766 0
1582320201825 39.3563346862793 0
1582320201880 158.4488983154297 0
1582320201931 539.2366943359375 0
1582320201987 248.78395080566406 0
1582320202051 252.89964294433594 0
1582320202110 64.92972564697266 0
1582320202175 424.65814208984375 0
1582320202237 360.69366455078125 0
1582320202296 51.888153076171875 0
1582320202366 328.8494567871094 0
1582320202424 262.74578857421875 0
1582320202489 499.45001220703125 0
1582320202549 512.7501220703125 0
1582320202612 155.84320068359375 0
1582320202674 265.7734069824219 0
1582320202733 219.70602416992188 0
1582320202790 482.86932373046875 0
1582320202855 186.16493225097656 0
1582320202915 403.9743347167969 0
1582320202970 247.43226623535156 0
1582320203028 177.18141174316406 0
1582320203089 148.45179748535156 0
1582320203143 291.26336669921875 0
1582320203210 296.669677734375 0
1582320203271 108.99207305908203 0
1582320203344 152.13653564453125 0
1582320203412 239.0701446533203 0
1582320203476 119.81141662597656 0
1582320203541 106.37225341796875 0
1582320203605 119.84498596191406 0
1582320203664 826.9371948242188 0
1582320203726 1334.37255859375 0
1582320203782 1301.8232421875 0
1582320203830 257.8990783691406 0
1582320203879 97.79652404785156 0
1582320203929 179.31219482421875 0
1582320203979 107.40311431884766 0
1582320204043 280.5982971191406 0
1582320204090 117.19773864746094 0
1582320204138 223.35836791992188 0
1582320204189 91.12313842773438 0
1582320204236 328.5650939941406 0
1582320204284 413.3282165527344 0
1582320204334 117.9692611694336 0
1582320204382 273.410888671875 0
1582320204431 118.8196029663086 0
1582320204477 85.06289672851562 0
1582320204525 218.29283142089844 0
1582320204574 80.63387298583984 0
1582320204620 164.6671600341797 0
1582320204668 85.05763244628906 0
1582320204719 199.83016967773438 0
1582320204772 171.8350067138672 0
1582320204834 309.5908508300781 0
1582320204901 165.1612548828125 0
1582320204959 253.62860107421875 0
1582320205014 210.51246643066406 0
1582320205068 173.7688751220703 0
1582320205123 79.83018493652344 0
1582320205176 244.03720092773438 0
1582320205236 252.0497283935547 0
1582320205293 260.5328369140625 0
1582320205361 231.7709503173828 0
1582320205423 100.83756256103516 0
1582320205485 344.1639709472656 0
1582320205545 60.8406982421875 0
1582320205597 205.11546325683594 0
1582320205651 34.07292175292969 0
1582320205702 648.4400024414062 0
1582320205753 613.5496215820312 0
1582320205809 370.1841125488281 0
1582320205868 444.5422668457031 0
1582320205920 396.57855224609375 0
1582320205979 27.817277908325195 0
1582320206044 222.5288543701172 0
1582320206104 169.81442260742188 0
1582320206161 107.29251861572266 0
1582320206216 225.60751342773438 0
1582320206276 413.4819641113281 0
1582320206340 169.13185119628906 0
1582320206402 55.22627639770508 0
1582320206460 63.618019104003906 0
1582320206518 84.79339599609375 0
1582320206575 388.5623474121094 0
1582320206634 254.1147918701172 0
1582320206695 506.78082275390625 0
1582320206752 202.56898498535156 0
1582320206805 94.79425048828125 0
1582320206864 218.87420654296875 0
1582320206919 144.58419799804688 0
1582320206976 88.05532836914062 0
1582320207032 111.6943359375 0
1582320207077 351.70025634765625 0
1582320207128 149.66835021972656 0
1582320207178 336.98785400390625 0
1582320207238 91.19149780273438 0
1582320207296 260.3028259277344 0
1582320207345 479.5678405761719 0
1582320207405 228.7012176513672 0
1582320207465 156.412109375 0
1582320207516 94.94400787353516 0
1582320207573 323.9719543457031 0
1582320207627 189.78268432617188 0
1582320207673 221.1800994873047 0
1582320207725 140.56179809570312 0
1582320207773 193.29641723632812 0
1582320207830 154.8533172607422 0
1582320207891 65.12158966064453 0
1582320207951 342.4026184082031 0
1582320208003 80.20867919921875 0
1582320208053 58.61067581176758 0
1582320208096 106.57025146484375 0
1582320208139 37.40236282348633 0
1582320208183 85.83063507080078 0
1582320208226 201.47021484375 0
1582320208269 170.0707550048828 0
1582320208313 197.89727783203125 0
1582320208356 106.86842346191406 0
1582320208410 169.2537384033203 0
1582320208468 102.38190460205078 0
1582320208522 374.225341796875 0
1582320208583 179.9140625 0
1582320208639 249.81350708007812 0
1582320208692 109.40809631347656 0
1582320208751 14.012031555175781 0
1582320208803 90.5910873413086 0
1582320208854 409.37969970703125 0
1582320208904 67.64027404785156 0
1582320208963 390.1981506347656 0
1582320209014 525.2479248046875 0
1582320209063 200.15383911132812 0
1582320209121 294.2254333496094 0
1582320209183 599.0867309570312 0
1582320209244 302.5370178222656 0
1582320209308 147.04400634765625 0
1582320209365 29.032203674316406 0
1582320209418 113.07894134521484 0
1582320209474 191.78021240234375 0
1582320209527 236.66726684570312 0
1582320209576 36.330135345458984 0
1582320209631 143.5271759033203 0
1582320209680 501.0440979003906 0
1582320209733 228.4143829345703 0
1582320209788 152.03366088867188 0
1582320209850 477.2846984863281 0
1582320209909 409.9061584472656 0
1582320209962 285.4461364746094 0
1582320210011 465.9239196777344 0
1582320210081 152.6693572998047 0
1582320210144 89.08319091796875 0
1582320210198 454.6123962402344 0
1582320210250 127.36649322509766 0
1582320210307 523.0715942382812 0
1582320210368 82.43888092041016 0
1582320210423 156.99000549316406 0
1582320210476 455.3546447753906 0
1582320210540 134.65402221679688 0
1582320210606 586.6311645507812 0
1582320210660 43.91447067260742 0
1582320210720 172.3023223876953 0
1582320210783 771.028564453125 0
1582320210847 801.13525390625 0
1582320210915 439.577392578125 0
1582320210970 573.4758911132812 0
1582320211023 232.57435607910156 0
1582320211079 66.18836212158203 0
1582320211143 1187.4276123046875 0
1582320211196 1005.3106689453125 0
1582320211245 95.961181640625 0
1582320211299 320.9955139160156 0
1582320211359 256.01123046875 0
1582320211409 447.8016052246094 0
1582320211464 99.98268127441406 0
1582320211521 152.7316131591797 0
1582320211567 415.92877197265625 0
1582320211613 287.4383239746094 0
1582320211658 77.08406066894531 0
1582320211720 140.48416137695312 0
1582320211777 53.30428695678711 0
1582320211832 525.6463012695312 0
1582320211887 67.17506408691406 0
1582320211944 359.7008056640625 0
1582320212001 183.01747131347656 0
1582320212046 51.521244049072266 0
1582320212091 118.89600372314453 0
1582320212140 443.3194580078125 0
1582320212194 220.78204345703125 0
1582320212251 53.596500396728516 0
1582320212304 321.4461364746094 0
1582320212367 183.8741912841797 0
1582320212427 75.88785552978516 0
1582320212490 79.23670959472656 0
1582320212551 72.19967651367188 0
1582320212613 242.8359375 0
1582320212687 273.6163635253906 0
1582320212750 15.192285537719727 0
1582320212808 70.90217590332031 0
1582320212865 371.05975341796875 0
1582320212926 496.0379943847656 0
1582320212974 445.368408203125 0
1582320213027 420.9547424316406 0
1582320213089 177.12326049804688 0
1582320213150 513.0924682617188 0
1582320213218 156.4091033935547 0
1582320213280 133.85963439941406 0
1582320213337 60.16463088989258 0
1582320213393 312.9185485839844 0
1582320213451 71.67072296142578 0
1582320213510 779.9881591796875 0
1582320213572 194.91175842285156 0
1582320213625 248.0555419921875 0
1582320213677 220.95237731933594 0
1582320213723 182.90249633789062 0
1582320213772 524.3795776367188 0
1582320213824 533.47119140625 0
1582320213877 52.34364700317383 0
1582320213928 256.47344970703125 0
1582320213987 262.2457275390625 0
1582320214041 36.990028381347656 0
1582320214098 48.83597946166992 0
1582320214151 160.23562622070312 0
1582320214211 325.19403076171875 0
1582320214268 108.10211181640625 0
1582320214325 225.9659881591797 0
1582320214382 72.33773040771484 0
1582320214438 33.064510345458984 0
1582320214499 56.538848876953125 0
1582320214550 110.71939086914062 0
1582320214610 433.08343505859375 0
1582320214670 372.2356872558594 0
1582320214719 429.6412353515625 0
1582320214768 272.38671875 0
1582320214817 67.91622161865234 0
1582320214860 290.4562072753906 0
1582320214905 219.00436401367188 0
1582320214957 167.69537353515625 0
1582320215003 89.73675537109375 0
1582320215049 65.1167984008789 0
1582320215102 328.54241943359375 0
1582320215163 428.4364318847656 0
1582320215223 116.48126983642578 0
1582320215286 252.05833435058594 0
1582320215340 408.60491943359375 0
1582320215395 192.07766723632812 0
1582320215459 30.7498779296875 0
1582320215515 618.29541015625 0
1582320215575 824.40869140625 0
1582320215633 44.44057083129883 0
1582320215692 47.84424591064453 0
1582320215751 157.00950622558594 0
1582320215807 60.00748825073242 0
1582320215866 97.36732482910156 0
1582320215927 152.23251342773438 0
1582320215991 51.79300308227539 0
1582320216038 355.32183837890625 0
1582320216089 178.40090942382812 0
1582320216137 182.78811645507812 0
1582320216182 104.70462799072266 0
1582320216228 63.01100540161133 0
1582320216284 36.07610321044922 0
1582320216336 249.16912841796875 0
1582320216397 150.2069549560547 0
1582320216451 411.1659240722656 0
1582320216507 275.3757019042969 0
1582320216564 121.69648742675781 0
1582320216614 306.9327392578125 0
1582320216659 279.8024597167969 0
1582320216710 172.20433044433594 0
1582320216758 248.50204467773438 0
1582320216805 643.7636108398438 0
1582320216853 381.07672119140625 0
1582320216901 112.07852172851562 0
1582320216949 224.58975219726562 0
1582320216993 57.01907730102539 0
1582320217042 317.119140625 0
1582320217088 661.6174926757812 0
1582320217134 33.687984466552734 0
1582320217186 85.9464111328125 0
1582320217247 559.9583740234375 0
1582320217308 1293.5477294921875 0
1582320217364 452.50616455078125 0
1582320217420 111.94562530517578 0
1582320217479 80.77578735351562 0
1582320217540 452.8388671875 0
1582320217604 300.70904541015625 0
1582320217662 1110.5037841796875 0
1582320217715 899.4290161132812 0
1582320217772 838.70654296875 0
1582320217836 879.1685791015625 0
1582320217896 144.42018127441406 0
1582320217953 400.7756652832031 0
1582320218006 264.07818603515625 0
1582320218064 82.64615631103516 0
1582320218121 172.3379364013672 0
1582320218169 289.1202697753906 0
1582320218220 42.42953872680664 0
1582320218269 842.1456298828125 0
1582320218322 852.3704833984375 0
1582320218381 981.35107421875 0
1582320218443 157.83242797851562 0
1582320218504 202.8468780517578 0
1582320218555 263.2857360839844 0
1582320218614 153.61080932617188 0
1582320218673 625.3427124023438 0
1582320218738 497.39276123046875 0
1582320218786 284.254638671875 0
1582320218836 252.55715942382812 0
1582320218886 138.50448608398438 0
1582320218935 47.84781265258789 0
1582320218997 36.5156135559082 0
1582320219054 274.5287170410156 0
1582320219122 517.2971801757812 0
1582320219176 299.26470947265625 0
1582320219231 194.79208374023438 0
1582320219297 517.1094970703125 0
1582320219355 380.7656555175781 0
1582320219427 389.5248107910156 0
1582320219500 360.37890625 0
1582320219559 224.1754608154297 0
1582320219623 164.40589904785156 0
1582320219685 173.2597198486328 0
1582320219744 410.6304016113281 0
1582320219796 388.0545349121094 0
1582320219848 532.786865234375 0
1582320219906 270.71197509765625 0
1582320219966 272.7649841308594 0
1582320220031 66.42765045166016 0
1582320220086 414.7149963378906 0
1582320220147 52.41858673095703 0
1582320220205 476.2227478027344 0
1582320220267 35.76211166381836 0
1582320220330 98.93529510498047 0
1582320220379 682.7803955078125 0
1582320220439 55.657798767089844 0
1582320220501 27.77602195739746 0
1582320220563 192.74237060546875 0
1582320220623 455.63671875 0
1582320220678 177.3662567138672 0
1582320220732 198.57894897460938 0
1582320220788 93.89834594726562 0
1582320220838 56.133399963378906 0
1582320220883 94.46815490722656 0
1582320220929 41.09819412231445 0
1582320220976 104.64385986328125 0
1582320221022 313.2747802734375 0
1582320221071 212.0859375 0
1582320221121 349.06488037109375 0
1582320221170 175.54830932617188 0
1582320221219 88.75572204589844 0
1582320221271 119.42008209228516 0
1582320221332 122.69278717041016 0
1582320221391 381.01324462890625 0
1582320221457 241.9017333984375 0
1582320221517 107.99873352050781 0
1582320221577 348.5150451660156 0
1582320221638 79.43157958984375 0
1582320221698 90.9078598022461 0
1582320221758 120.2280044555664 0
1582320221807 357.2203674316406 0
1582320221875 176.78550720214844 0
1582320221936 29.59060287475586 0
1582320221986 286.1846923828125 0
1582320222038 147.43014526367188 0
1582320222092 379.0806579589844 0
1582320222152 307.8984069824219 0
1582320222207 166.18385314941406 0
1582320222262 144.18141174316406 0
1582320222312 153.40611267089844 0
1582320222369 225.58045959472656 0
1582320222429 185.87474060058594 0
1582320222484 318.2168884277344 0
1582320222538 470.1777648925781 0
1582320222606 109.791015625 0
1582320222660 8.627066612243652 0
1582320222732 99.97374725341797 0
1582320222783 272.7950744628906 0
1582320222832 418.0570068359375 0
1582320222880 126.60479736328125 0
1582320222929 407.6096496582031 0
1582320222977 342.6456604003906 0
1582320223034 381.46649169921875 0
1582320223084 795.5494995117188 0
1582320223139 469.023193359375 0
1582320223186 290.17193603515625 0
1582320223248 738.4126586914062 0
1582320223305 298.4830627441406 0
1582320223365 64.0516586303711 0
1582320223417 295.90130615234375 0
1582320223460 410.1689453125 0
1582320223503 20.82986068725586 0
1582320223563 195.4840545654297 0
1582320223630 101.2361068725586 0
1582320223685 59.80924606323242 0
1582320223735 52.20030975341797 0
1582320223785 320.0669860839844 0
1582320223846 66.80157470703125 0
1582320223897 44.04454040527344 0
1582320223951 545.837890625 0
1582320224002 301.6943054199219 0
1582320224058 429.7793884277344 0
1582320224109 583.0079345703125 0
1582320224165 605.7916870117188 0
1582320224225 218.26739501953125 0
1582320224274 229.98507690429688 0
1582320224331 819.2020263671875 0
1582320224398 1212.6390380859375 0
1582320224454 666.6995239257812 0
1582320224514 803.70751953125 0
1582320224570 465.9983215332031 0
1582320224632 532.6774291992188 0
1582320224698 248.68666076660156 0
1582320224746 593.1359252929688 0
1582320224794 111.30078125 0
1582320224842 173.6290740966797 0
1582320224890 236.6387939453125 0
1582320224936 215.2576904296875 0
1582320224990 341.5821838378906 0
1582320225039 403.5885009765625 0
1582320225085 10.88901424407959 0
1582320225139 280.54949951171875 0
1582320225193 135.7997283935547 0
1582320225254 483.4532775878906 0
1582320225303 858.9408569335938 0
1582320225350 207.56878662109375 0
1582320225396 797.4068603515625 0
1582320225444 941.2075805664062 0
1582320225492 1168.2257080078125 0
1582320225558 821.0169067382812 0
1582320225619 900.2975463867188 0
1582320225677 665.693359375 0
1582320225731 92.86946868896484 0
1582320225791 219.6554412841797 0
1582320225862 295.75146484375 0
1582320225926 70.75843811035156 0
1582320225993 262.20660400390625 0
1582320226058 27.093355178833008 0
1582320226129 343.31805419921875 0
1582320226198 42.61764907836914 0
1582320226250 359.74871826171875 0
1582320226311 533.4176025390625 0
1582320226378 61.265159606933594 0
1582320226443 358.030029296875 0
1582320226511 373.1030578613281 0
1582320226566 39.78377914428711 0
1582320226624 273.28961181640625 0
1582320226688 757.1953735351562 0
1582320226743 197.00820922851562 0
1582320226798 56.34540557861328 0
1582320226854 148.30731201171875 0
1582320226902 55.69832992553711 0
1582320226953 365.5057067871094 0
1582320227002 102.83491516113281 0
1582320227051 276.4275817871094 0
1582320227104 423.28253173828125 0
1582320227158 615.1827392578125 0
1582320227209 393.5572814941406 0
1582320227261 40.04099655151367 0
1582320227313 48.53520965576172 0
1582320227363 111.38655853271484 0
1582320227421 278.6824645996094 0
1582320227486 381.7391052246094 0
1582320227553 25.296865463256836 0
1582320227613 37.3769645690918 0
1582320227679 322.5643310546875 0
1582320227748 87.14595031738281 0
1582320227809 40.809959411621094 0
1582320227864 287.6902770996094 0
1582320227915 222.68296813964844 0
1582320227971 501.6861877441406 0
1582320228028 1124.4385986328125 0
1582320228088 927.1066284179688 0
1582320228140 989.3616333007812 0
1582320228203 685.8587036132812 0
1582320228266 42.760459899902344 0
1582320228328 338.9474182128906 0
1582320228390 298.6766052246094 0
1582320228444 169.7725067138672 0
1582320228500 110.87519836425781 0
1582320228554 10.882731437683105 0
1582320228612 388.71673583984375 0
1582320228674 332.21832275390625 0
1582320228735 376.11212158203125 0
1582320228792 126.8271255493164 0
1582320228857 315.0431213378906 0
1582320228912 48.81122589111328 0
1582320228977 859.634765625 0
1582320229037 88.56075286865234 0
1582320229090 408.651123046875 0
1582320229141 378.3196105957031 0
1582320229194 117.60008239746094 0
1582320229249 147.34779357910156 0
1582320229300 132.17926025390625 0
1582320229348 333.7840270996094 0
1582320229412 509.6455993652344 0
1582320229470 503.0525817871094 0
1582320229525 269.4234619140625 0
1582320229583 394.41290283203125 0
1582320229642 64.12987518310547 0
1582320229703 684.8766479492188 0
1582320229763 130.5679931640625 0
1582320229823 245.20286560058594 0
1582320229883 59.61295700073242 0
1582320229933 133.98974609375 0
1582320229984 339.0811462402344 0
1582320230033 63.64856719970703 0
1582320230100 103.51981353759766 0
1582320230148 67.58409118652344 0
1582320230201 152.3924102783203 0
1582320230249 171.87741088867188 0
1582320230306 64.30573272705078 0
1582320230361 242.79718017578125 0
1582320230415 138.731201171875 0
1582320230479 335.86279296875 0
1582320230530 241.14488220214844 0
1582320230591 432.5314025878906 0
1582320230650 479.232666015625 0
1582320230707 238.1621551513672 0
1582320230766 344.5248718261719 0
1582320230834 357.4314880371094 0
1582320230894 428.1452331542969 0
1582320230952 503.8973388671875 0
1582320231022 423.6058654785156 0
1582320231073 304.0360107421875 0
1582320231126 494.543212890625 0
1582320231181 68.82799530029297 0
1582320231232 246.2257080078125 0
1582320231282 166.4830322265625 0
1582320231335 189.83474731445312 0
1582320231387 244.0258331298828 0
1582320231444 499.6462097167969 0
1582320231499 69.47582244873047 0
1582320231563 97.46245574951172 0
1582320231617 236.99063110351562 0
1582320231676 184.29171752929688 0
1582320231739 490.5184020996094 0
1582320231803 23.807130813598633 0
1582320231870 472.1783447265625 0
1582320231923 434.20452880859375 0
1582320232000 233.3914337158203 0
1582320232065 191.31016540527344 0
1582320232120 199.0244903564453 0
1582320232182 380.3598937988281 0
1582320232242 262.6158447265625 0
1582320232300 173.8275909423828 0
1582320232348 832.7867431640625 0
1582320232399 41.52674865722656 0
1582320232452 236.2803955078125 0
1582320232506 37.642242431640625 0
1582320232566 328.4078674316406 0
1582320232629 353.3700866699219 0
1582320232687 114.42587280273438 0
1582320232746 207.97576904296875 0
1582320232800 381.34759521484375 0
1582320232856 163.04495239257812 0
1582320232905 228.5869903564453 0
1582320232953 245.2329864501953 0
1582320233004 413.7113037109375 0
1582320233059 392.770263671875 0
1582320233110 734.4717407226562 0
1582320233172 363.5086669921875 0
1582320233231 220.2257537841797 0
1582320233292 49.197601318359375 0
1582320233356 779.2676391601562 0
1582320233422 391.7679443359375 0
1582320233473 572.8782348632812 0
1582320233532 395.1327209472656 0
1582320233593 206.84495544433594 0
1582320233652 401.84564208984375 0
1582320233706 400.89825439453125 0
1582320233758 57.27727508544922 0
1582320233822 310.3733215332031 0
1582320233881 32.93675994873047 0
1582320233938 788.219482421875 0
1582320233998 30.89925193786621 0
1582320234061 162.129150390625 0
1582320234122 37.660587310791016 0
1582320234183 256.0209655761719 0
1582320234234 70.6002197265625 0
1582320234282 221.70632934570312 0
1582320234337 280.590576171875 0
1582320234399 46.77772903442383 0
1582320234459 524.9153442382812 0
1582320234521 767.024169921875 0
1582320234579 23.982439041137695 0
1582320234639 560.59326171875 0
1582320234696 309.5241394042969 0
1582320234751 185.5877685546875 0
1582320234809 12.205564498901367 0
1582320234875 402.3738708496094 0
1582320234941 686.19873046875 0
1582320235001 553.3546142578125 0
1582320235062 646.4146728515625 0
1582320235135 474.1966247558594 0
1582320235203 98.22256469726562 0
1582320235269 396.7603759765625 0
1582320235329 400.080810546875 0
1582320235387 15.04712963104248 0
1582320235446 249.2052001953125 0
1582320235498 29.87912940979004 0
1582320235566 67.44700622558594 0
1582320235628 504.1147766113281 0
1582320235684 61.773624420166016 0
1582320235733 19.253074645996094 0
1582320235798 496.05804443359375 0
1582320235856 393.7126159667969 0
1582320235921 18.91271209716797 0
1582320235986 57.754425048828125 0
1582320236048 103.72054290771484 0
1582320236110 117.27557373046875 0
1582320236174 92.7484130859375 0
1582320236231 223.79283142089844 0
1582320236304 309.0108337402344 0
1582320236368 406.09979248046875 0
1582320236437 326.18072509765625 0
1582320236497 207.9021759033203 0
1582320236557 453.88824462890625 0
1582320236616 271.50042724609375 0
1582320236674 594.5867919921875 0
1582320236732 233.3128662109375 0
1582320236803 289.19586181640625 0
1582320236862 92.10614013671875 0
1582320236916 50.925804138183594 0
1582320236969 458.52069091796875 0
1582320237037 166.7056427001953 0
1582320237094 82.9499282836914 0
1582320237162 368.31683349609375 0
1582320237211 135.1870880126953 0
1582320237275 97.460205078125 0
1582320237338 390.46527099609375 0
1582320237391 74.67423248291016 0
1582320237455 62.7396354675293 0
1582320237521 83.88822174072266 0
1582320237582 305.4496765136719 0
1582320237642 176.61509704589844 0
1582320237708 460.2423400878906 0
1582320237758 46.53824996948242 0
1582320237813 19.599510192871094 0
1582320237874 61.78675079345703 0
1582320237932 402.8157653808594 0
1582320237990 53.34001922607422 0
1582320238050 154.3773956298828 0
1582320238102 88.21812438964844 0
1582320238160 224.98544311523438 0
1582320238209 24.26169204711914 0
1582320238258 436.85589599609375 0
1582320238307 132.20773315429688 0
1582320238362 412.46405029296875 0
1582320238443 222.20928955078125 0
1582320238516 55.84518051147461 0
1582320238572 202.0460205078125 0
1582320238630 300.7784423828125 0
1582320238674 275.7959289550781 0
